-8.359519168108947573e-01 6.590818044124929775e-01 -3.731566728543109484e-03 6.590818044124929775e-01 -1.381675360394375662e+00 3.000987998885030761e-01 -3.731566728543109484e-03 3.000987998885030761e-01 -5.117222420936138327e-01
-1.756324732472811997e-02 6.959808270833567345e-01 4.404306601333657367e-01 6.959808270833567345e-01 -9.690941716150871521e-01 1.916781430274817205e-02 4.404306601333657367e-01 1.916781430274817205e-02 1.099232197364076402e+00
-1.470877639285832483e+00 -3.933133929205792079e-01 2.765402160985303559e-01 -3.933133929205792079e-01 -4.431608988757707035e-01 5.710168344012520603e-01 2.765402160985303559e-01 5.710168344012520603e-01 -3.814905614740681239e-01
-4.264310503763024118e-01 2.186574211481113472e-01 6.970504852645216243e-01 2.186574211481113472e-01 -1.735402832187528777e+00 -4.461088353757990954e-01 6.970504852645216243e-01 -4.461088353757990954e-01 -4.500891673744517041e-02
5.237739696384295929e-01 -3.799673151370491220e-01 -2.927151402316888196e-01 -3.799673151370491220e-01 -1.460263179272308198e+00 -3.670730188237917857e-01 -2.927151402316888196e-01 -3.670730188237917857e-01 -8.765546137907703761e-01
-1.000120544609414575e+00 3.769008109124687977e-01 -3.039919908929714087e-01 3.769008109124687977e-01 -1.935395984338694975e+00 8.156436123990770115e-01 -3.039919908929714087e-01 8.156436123990770115e-01 -1.308163645811546205e+00
-1.453254113455748842e+00 -5.007643962044914243e-01 7.393343453812081245e-01 -5.007643962044914243e-01 -3.485331536215712234e-01 -5.045606748379349860e-01 7.393343453812081245e-01 -5.045606748379349860e-01 -1.618332642925662590e+00
2.461715283593233772e-01 3.518059528212879594e-01 5.243349627037122707e-01 3.518059528212879594e-01 -9.866325406194131897e-01 -7.595480741451930973e-01 5.243349627037122707e-01 -7.595480741451930973e-01 1.580816501378279892e-01
3.687063914211133886e-01 -1.893014762406800555e-01 9.435289104901435353e-01 -1.893014762406800555e-01 1.089342552828240773e+00 1.756690056923575771e-01 9.435289104901435353e-01 1.756690056923575771e-01 1.604200064356283151e-01
-2.141525517830010994e+00 4.068447166271356163e-01 -4.998420224151701730e-01 4.068447166271356163e-01 -6.231220612625174571e-01 1.975175587681001210e-01 -4.998420224151701730e-01 1.975175587681001210e-01 -7.993135326890897785e-01
-3.833750170290747827e-01 -3.386396721464957071e-01 1.833318999354383860e-01 -3.386396721464957071e-01 -1.004736425629355168e+00 -1.791027847327648359e-01 1.833318999354383860e-01 -1.791027847327648359e-01 -5.328801725792677857e-01
4.090543854729479234e-01 9.475257538244407085e-01 5.545979399985995206e-01 9.475257538244407085e-01 -8.582853155548741952e-01 -3.916155496767985134e-01 5.545979399985995206e-01 -3.916155496767985134e-01 1.016690373894645116e+00
-6.582421984612377708e-01 -7.187619758148693083e-02 4.938790962286149222e-01 -7.187619758148693083e-02 -3.765150966593318049e-01 4.794255592478754990e-01 4.938790962286149222e-01 4.794255592478754990e-01 -8.377368391577247678e-03
4.131594322723090018e-01 8.936710203755789950e-01 -1.524410510774825978e-01 8.936710203755789950e-01 -7.885133516713836999e-01 -6.998233447608789293e-01 -1.524410510774825978e-01 -6.998233447608789293e-01 -5.003490010285061018e-01
-3.544599600423727903e-01 1.226942962826082090e-01 2.530284979393966349e-01 1.226942962826082090e-01 -7.799482044796015590e-01 -9.265374365836019296e-03 2.530284979393966349e-01 -9.265374365836019296e-03 -1.711818551413932354e+00
-5.140544476361534887e-01 -4.804827633239130980e-01 -3.623351514600266221e-02 -4.804827633239130980e-01 2.014113748993309194e-01 4.635476711719485610e-01 -3.623351514600266221e-02 4.635476711719485610e-01 4.324201797155516336e-01
4.298646642750654778e-01 4.865446895718659737e-01 -3.192928586436014626e-01 4.865446895718659737e-01 -9.462435448949738648e-01 -4.570167758000983071e-01 -3.192928586436014626e-01 -4.570167758000983071e-01 5.855754105655198716e-01
-4.314335168579981894e-01 -1.912489574680076021e-01 3.742243058770562958e-01 -1.912489574680076021e-01 -6.492855103848093057e-01 -3.027397852745339901e-01 3.742243058770562958e-01 -3.027397852745339901e-01 -2.290812349243384727e+00
6.483169281174994136e-01 -2.399885521928646903e-01 -2.648386882056872338e-01 -2.399885521928646903e-01 -1.357090690690118118e+00 5.081517082689502862e-01 -2.648386882056872338e-01 5.081517082689502862e-01 -4.835812078377402234e-02
